171
312
186
252
219
111
275
368
337
154
337
343
337
260
186
207
197
320
302
323
135
384
54
242
299
191
316
149
321
221
316
312
320
223
291
195
267
305
261
306
277
195
221
374
261
296
251
317
226
249
284
228
318
164
159
281
215
153
271
522
163
155
273
156
276
117
242
179
199
173
166
226
235
158
175
276
439
61
183
268
415
198
125
248
195
324
242
101
490
368
239
211
160
275
339
190
250
240
273
194
230
166
197
241
205
362
263
232
363
249
208
390
329
235
340
232
327
201
326
258
261
292
348
264
279
325
300
283
311
107
228
266
384
311
202
357
131
306
297
54
315
82
187
304
216
269
291
123
216
241
271
383
271
386
225
250
243
227
131
250
282
299
288
211
213
218
281
289
271
203
258
296
302
332
284
303
243
347
285
309
244
265
146
519
220
371
252
222
86
460
180
199
457
248
325
213
247
88
391
226
339
149
262
200
221
186
181
311
304
140
209
235
318
208
415
288
288
191
182
229
276
246
329
159
179
243
239
245
181
254
300
157
189
231
277
141
285
230
271
174
427
151
267
220
265
254
269
194
480
268
142
333
175
266
230
247
226
237
174
232
165
226
205
330
241
81
245
318
381
169
188
140
402
330
286
231
310
333
216
242
203
321
238
122
96
241
231
351
240
376
331
307
323
383
251
330
252
209
207
339
245
264
284
187
285
217
126
279
296
334
213
146
346
314
220
185
325
187
232
262
125
461
323
299
240
233
298
166
429
175
345
245
246
200
498
381
297
344
350
174
256
265
248
125
181
226
190
126
239
339
113
279
590
243
279
256
353
276
269
192
289
174
203
233
231
262
232
296
263
281
122
196
398
256
187
167
155
202
355
341
211
389
293
154
187
559
150
215
210
331
52
183
203
376
293
272
280
257
323
153
288
248
129
109
295
245
409
289
226
302
132
292
258
201
240
204
356
351
137
234
280
324
236
271
253
214
372
209
317
268
163
158
51
190
262
271
272
282
213
183
184
119
307
149
335
431
290
205
218
296
387
422
244
247
294
242
143
187
200
233
190
298
171
238
204
351
321
287
318
561
256
241
252
317
251
156
341
143
277
460
162
115
190
260
176
436
247
285
194
285
259
242
240
220
188
324
351
130
316
228
357
342
415
108
244
277
158
321
132
227
167
306
161
428
180
307
226
272
215
165
212
268
224
230
165
353
289
211
195
128
219
153
346
350
155
118
270
219
181
247
144
166
258
176
226
245
219
185
244
341
108
144
210
241
246
252
227
243
212
304
267
275
177
236
378
270
207
163
319
313
242
385
279
356
210
291
258
266
230
339
73
285
420
172
145
164
307
284
190
226
335
234
246
143
155
254
217
209
61
