289
166
382
158
277
86
337
281
336
295
209
276
157
216
256
83
337
265
252
385
358
344
275
120
204
276
221
191
134
373
183
273
115
531
171
169
454
314
298
181
232
97
187
237
285
233
118
391
384
343
313
328
386
110
262
231
388
328
133
225
309
288
205
310
195
357
330
406
99
468
191
234
275
126
180
477
134
304
150
314
318
287
259
275
103
213
303
250
205
292
311
220
329
311
296
257
51
385
128
522
197
409
181
168
181
587
108
215
271
69
332
138
244
133
125
131
411
167
176
184
242
195
199
323
110
272
338
329
110
323
218
277
149
235
325
157
178
395
84
249
392
437
111
278
371
287
100
305
134
264
390
226
61
315
242
83
380
258
195
72
268
343
354
342
176
177
225
84
436
253
306
71
50
271
335
582
128
252
468
120
411
325
77
161
71
208
329
380
244
64
409
186
125
411
265
182
264
385
452
196
339
250
230
164
282
151
125
163
265
327
223
264
163
174
285
253
288
250
189
235
207
303
275
253
78
453
384
352
212
267
128
63
464
112
209
312
243
349
207
288
135
259
144
238
472
185
132
238
383
207
320
230
336
277
274
136
163
403
89
369
257
250
283
249
245
289
348
204
194
444
112
237
467
138
366
147
253
177
310
351
330
383
156
121
180
183
613
62
285
402
152
529
138
279
522
345
124
255
290
439
89
587
181
285
180
279
149
493
198
466
142
141
514
229
283
364
339
350
217
152
381
143
185
170
207
331
358
304
170
189
421
215
135
310
450
229
148
330
471
102
372
342
309
182
171
345
334
277
87
270
243
310
359
136
293
247
209
232
333
247
91
259
160
288
338
149
231
410
192
276
207
458
169
298
283
405
188
403
158
488
483
190
341
64
76
647
194
155
256
527
86
210
266
256
56
454
384
132
105
449
332
113
238
348
324
224
120
512
316
71
151
256
150
353
51
264
435
184
317
236
441
147
160
273
165
634
201
124
411
186
337
651
352
185
297
254
142
462
75
264
313
338
366
87
139
277
182
514
317
103
425
287
179
269
129
312
380
250
284
76
242
172
316
315
284
443
472
73
286
78
379
78
275
355
199
267
136
317
243
189
324
239
244
168
191
87
167
322
197
343
161
398
194
379
398
110
190
191
165
467
268
286
98
385
149
465
95
325
277
253
234
195
519
380
272
174
76
216
245
71
199
262
208
69
299
141
423
74
588
168
69
253
199
125
333
124
233
384
149
289
353
245
235
114
465
275
494
201
282
249
262
75
281
103
362
152
159
359
293
201
114
398
243
64
174
270
193
301
317
280
387
478
306
195
441
124
373
201
156
272
242
87
371
213
322
238
395
173
71
436
169
402
206
262
151
93
