269
277
255
185
279
194
199
269
214
232
237
182
420
163
88
286
129
305
320
366
248
197
217
224
152
125
232
222
158
325
181
331
91
271
284
380
291
472
241
230
265
140
86
258
421
170
308
172
274
288
352
336
187
248
192
207
335
194
318
368
142
162
227
234
291
276
292
315
144
230
313
164
174
146
269
298
251
340
253
155
196
229
187
468
244
302
365
78
253
233
184
236
255
286
266
320
238
153
269
155
130
311
283
296
217
295
161
245
365
169
244
212
254
93
296
207
191
350
256
133
253
126
217
222
240
295
266
257
232
210
327
216
284
181
128
193
326
292
315
285
151
261
223
172
310
241
281
231
234
291
247
219
361
216
219
132
178
173
168
336
193
301
74
237
257
274
340
195
204
143
322
384
158
143
182
188
259
243
380
328
62
304
151
227
270
381
262
255
152
268
237
166
229
192
183
204
228
230
294
224
164
243
242
196
253
323
117
215
329
275
183
164
240
132
322
267
163
205
318
208
251
320
240
312
273
172
163
154
322
258
367
320
305
240
183
216
343
239
280
370
238
270
249
334
431
177
222
158
225
335
294
253
125
347
320
312
337
527
248
309
134
282
252
108
273
327
165
246
235
373
290
99
276
285
179
258
312
290
264
51
354
193
167
282
207
254
230
323
266
206
325
278
197
240
321
240
131
258
326
434
238
162
57
159
236
273
194
288
192
259
232
374
125
146
293
253
234
296
262
360
175
353
546
182
115
153
302
211
91
405
113
352
124
283
379
226
265
203
321
218
206
118
231
289
247
383
229
251
232
258
152
301
265
331
156
272
218
264
311
301
146
210
179
300
212
292
297
255
148
313
228
342
355
128
323
173
126
216
234
274
210
374
266
230
203
187
316
149
165
274
203
333
305
259
274
299
218
351
182
202
251
331
282
149
143
102
169
170
329
319
217
347
201
385
228
250
326
277
238
136
199
269
258
177
261
181
262
260
367
245
260
206
293
358
329
189
243
311
393
309
222
252
162
259
262
224
207
317
305
334
299
214
285
158
468
310
347
319
341
235
187
390
225
358
223
289
368
306
320
277
57
188
347
122
135
437
205
267
304
265
253
533
167
115
221
436
72
259
210
281
316
174
299
183
179
261
250
323
227
91
130
371
239
222
350
299
130
196
180
305
469
138
145
448
137
303
216
202
315
306
240
280
126
333
352
295
241
331
109
520
158
325
346
202
117
265
344
267
260
245
449
241
217
179
272
189
251
310
143
297
333
252
237
170
228
241
336
207
327
325
253
220
246
289
269
349
219
344
304
257
208
223
148
306
288
158
464
259
155
234
195
173
255
189
340
254
265
259
241
152
176
228
171
57
335
253
249
304
364
129
