245
318
253
174
243
296
233
188
223
196
239
200
309
267
257
262
360
131
348
272
275
252
166
299
264
171
221
152
276
229
364
193
222
140
72
246
275
276
418
195
324
328
151
224
272
194
347
267
241
286
280
152
144
184
249
355
325
322
348
208
279
254
239
152
234
237
133
263
114
137
265
155
290
203
339
282
195
290
267
291
231
239
247
240
274
166
367
295
146
163
414
75
346
398
96
302
126
127
235
277
226
337
329
225
239
178
205
253
350
239
284
51
275
292
312
180
85
377
125
192
296
156
165
313
373
297
276
265
353
306
243
348
251
266
265
290
280
154
247
154
243
301
236
190
307
294
269
123
158
141
280
173
245
242
264
176
266
290
256
196
124
257
320
342
163
358
239
256
67
218
239
253
237
315
312
195
185
76
258
268
294
346
370
252
366
175
294
247
114
364
268
264
147
247
278
234
256
214
305
162
249
253
255
314
361
141
227
228
352
348
129
345
203
88
210
264
320
153
296
294
271
241
183
456
141
298
116
251
264
263
126
150
185
231
248
330
329
214
206
276
249
258
82
314
484
259
96
276
288
278
294
344
149
303
300
279
303
158
226
274
256
155
125
139
237
266
257
225
280
322
271
233
275
93
324
50
209
166
189
184
236
203
263
179
163
248
364
303
236
216
383
200
102
229
292
328
386
207
334
213
248
173
200
226
433
172
146
265
233
279
313
321
283
182
315
230
199
311
260
280
270
186
284
221
219
170
196
297
311
271
144
189
144
172
85
264
293
290
377
332
335
260
301
387
86
295
193
326
193
177
358
295
197
323
296
174
194
144
254
281
237
190
291
222
172
250
352
174
109
118
253
227
269
226
418
227
169
139
128
281
204
454
136
313
147
240
324
295
211
250
202
284
205
201
277
264
307
347
355
253
247
399
255
120
142
349
234
67
191
279
415
284
115
309
241
151
344
185
167
167
390
276
304
307
261
346
284
181
247
247
234
174
292
308
287
280
167
307
395
377
237
214
126
477
107
280
127
153
171
225
324
194
231
327
242
189
235
191
251
182
189
309
197
72
254
285
176
303
183
185
138
161
183
286
448
263
142
193
192
194
302
203
201
316
353
262
128
175
271
262
178
143
179
473
147
258
99
293
310
530
119
97
332
120
354
328
430
234
275
246
278
172
345
324
247
113
301
250
181
240
352
220
159
138
287
187
265
213
238
285
295
282
172
261
206
242
180
266
253
343
262
120
264
270
256
169
323
221
307
232
167
219
156
269
148
126
221
133
357
221
184
357
136
242
240
250
247
207
211
153
238
331
262
220
274
310
183
238
363
209
239
135
298
273
251
310
214
270
257
359
283
247
173
423
187
223
241
261
336
261
264
257
